0000000000001001000
0000000000111000100
0000000011101000010
1110011110001010010
1110010000001010010
1110010000001001001
1110010000001001001
1110010000001001001
1110010000001001001
1110010000001001001
1110010000001001001
1110010000001001001
1110010000001010010
1110011110001010010
0000000011101000010
0000000000111000100
0000000000001001000
0000000000001000000
0000000000111000000
0000000011101000000
1110011110001010000
1110010000001010000
1110010000001001000
1110010000001001000
1110010000001001000
1110010000001001000
1110010000001001000
1110010000001001000
1110010000001001000
1110010000001010000
1110011110001010000
0000000011101000000
0000000000111000000
0000000000001000000
0000000000001000110
0000000000111001111
0000000011101011110
1110011110001111100
1110010000001111000
1110010000011110000
1110010000111100000
1110010001111000000
1110010011111000000
1110010111101000000
1110011111001000000
1110011110001000000
1110111100001000000
1111111110001000000
0011110011101000000
0111100000111000000
1111000000001000000 