11111111111111111111111111111100
11110000000000000000000000111100
11100000000000000000000000011100
11000000011111111100111100001100
10000000011111111111111100000100
10000000000000011111100000000100
10000000000000011000000000000100
10000000000000011000000000000100
10000000000000011000000000000100
10000000000000011000000000000100
10000001111100011000000000000100
10000111111110000000000000000100
10001111000110000000000000000100
10001100001110000000000000000100
10001110111100000000000000000100
10001111111000000000000000000100
10001111100000000000000000000100
10001100000000000000000000000100
10001100000000000000000000000100
10001110000000000001111000000100
10000111100000000011111100000100
10000011100000000011001110000100
10000000000000000011000110000100
10000000000000000011000000000100
10000000000000000011000000000100
10000000000000000111000000000100
10000000000011111110000000000100
10000000000011111100000000000100
10000000001100000000000000000100
10000000011100000000000000000100
10001110111000000000000000000100
10001111111111100000000000000100
10000011111111100000000000000100
10000001110000000000000000000100
10000001100000000000000000000100
10000001110000000000000000000100
10000000110000000000000000000100
10000000111000000000000000000100
10000000011100000000000000000100
10000000001111000000000000000100
10000000000111000000000000000100
10000000000000000000000000000100
11000000000000000000000000001100
11100000000000000000000000011100
11110000000000000000000000111100
11111111111111111111111111111100
00000000000001111111111111111100
00000000000010000000000000001100
00000000000101000100010010010100
00000000001000010001000000100100
00000000010010101010101001000100
00000000100100010001000010000100
00000001010001000100000100000100
00000010101010101010101001100100
00000100010001000100010010100100
00001001000100010000100100100100
00010010101010101001001000100100
00100001000100010010010000100100
01000000000000000100100000100100
11111111111111111001000000100100
10000000000000001001000000100100
10010101000000001001000000100100
10000000000000001001000000100100
10111111111111101001000000100100
10100000000000101001000000100100
10100000000011101001000000100100
10100000000000101001000000100100
10111111111111101001000000100100
10000000000000001001000000100100
10000000000000001001000000100100
10000000000000001001000000100100
10000000000000001001000000100100
10000000000000001001000000100100
10000000000000001001000000100100
10000000000000001001000000100100
10000000000000001001000000100100
10000000000000001001000000100100
10000011111000001001000000100100
10000100000100001001000001000100
10001000110010001001000010001000
10010000101001001001000100010000
10100110101000101001001000100000
10101001010000101001010001000000
10101110001110101001100010000000
10100001010010101000000100000000
10100010101100101000001000000000
10010010100001001000010000000000
10001001100010001000100000000000
10000100000100001001000000000000
10000011111000001010000000000000
10000000000000001100000000000000
11111111111111111000000000000000
00000000000000000000000000000000
00000000000000000000000000000000
00000000000000000000000000000000
00000000000000000000000000000000
00000000011111111000000000000000
00000000100000011000000000000000
00000001000000101000000000000000
00000010000001001000000000000000
00000100000010001000000000000000
00001000000100001000000000000000
00010000001000001000000000000000
00100000010011001000000000000000
01000000100101001000000000000000
11111111000101101000000000000000
10000001001000101000000000000000
10000001001000101000000000000000
10000001001000101000000000000000
10000001001000101000000000000000
10000001010000101000000000000000
10000001010000101000000000000000
10000001010000101000000000000000
10000001010000101000000000000000
10000001010000101000000000000000
10000001010000101000000000000000
10000001010001001000000000000000
10000001010001001000000000000000
10011001010001001111111111111111
10000001011001001000000000000001
10000001001010010000000000000011
10011001001100100000000000000101
10100101000001000000000000001101
10100101000010000000000000010101
10100101000100000000000000100101
10100101001000000000000001010101
10011001010000000000000010010101
10000001100000000000000101010110
11111111111111111111111101010100
10000000000000000000000101001000
10000000000000001111110101010000
10111111111010101000010100100000
10000000000000001111110101000000
10000000000000000000000110000000
11111111111111111111111100000000
00000000000000000000000000000000
00000000000000000000000000000000
00000000000000000000000000000000
